Matriz 1
0 6 0 5 3 
2 1 9 6 4 
5 3 6 7 5 
6 9 7 9 2 
6 7 5 0 0 

Matriz 2
3 9 4 3 4 
3 6 1 1 4 
1 3 4 2 4 
7 5 9 2 4 
7 7 8 1 5 

Resultado 2
74 82 75 19 59 
88 109 131 41 92 
114 151 150 49 109 
129 188 158 61 134 
44 111 51 35 72 

